service_id,monday,tuesday,wednesday,thursday,friday,saturday,sunday,start_date,end_date
000001,0,0,0,0,0,0,0,20160721,20161210
000002,0,0,0,0,0,0,0,20160721,20161210
000003,0,0,0,0,0,0,0,20160721,20161210
000004,0,0,0,0,0,0,0,20160721,20161210
000005,0,0,0,0,0,0,0,20160721,20161210
000006,0,0,0,0,0,0,0,20160721,20161210
000007,0,0,0,0,0,0,0,20160721,20161210
000008,0,0,0,0,0,0,0,20160721,20161210
000009,0,0,0,0,0,0,0,20160721,20161210
000011,0,0,0,0,0,0,0,20160721,20161210
000012,0,0,0,0,0,0,0,20160721,20161210
000013,0,0,0,0,0,0,0,20160721,20161210
000014,0,0,0,0,0,0,0,20160721,20161210
000017,0,0,0,0,0,0,0,20160721,20161210
000018,0,0,0,0,0,0,0,20160721,20161210
000020,0,0,0,0,0,0,0,20160721,20161210
000023,0,0,0,0,0,0,0,20160721,20161210
000024,0,0,0,0,0,0,0,20160721,20161210
000025,0,0,0,0,0,0,0,20160721,20161210
000026,0,0,0,0,0,0,0,20160721,20161210
000027,0,0,0,0,0,0,0,20160721,20161210
000028,0,0,0,0,0,0,0,20160721,20161210
000029,0,0,0,0,0,0,0,20160721,20161210
000030,0,0,0,0,0,0,0,20160721,20161210
000031,0,0,0,0,0,0,0,20160721,20161210
000032,0,0,0,0,0,0,0,20160721,20161210
000033,0,0,0,0,0,0,0,20160721,20161210
000034,0,0,0,0,0,0,0,20160721,20161210
000035,0,0,0,0,0,0,0,20160721,20161210
000036,0,0,0,0,0,0,0,20160721,20161210
000037,0,0,0,0,0,0,0,20160721,20161210
000039,0,0,0,0,0,0,0,20160721,20161210
000040,0,0,0,0,0,0,0,20160721,20161210
000041,0,0,0,0,0,0,0,20160721,20161210
000042,0,0,0,0,0,0,0,20160721,20161210
000043,0,0,0,0,0,0,0,20160721,20161210
000044,0,0,0,0,0,0,0,20160721,20161210
000045,0,0,0,0,0,0,0,20160721,20161210
000047,0,0,0,0,0,0,0,20160721,20161210
000049,0,0,0,0,0,0,0,20160721,20161210
000051,0,0,0,0,0,0,0,20160721,20161210
000057,0,0,0,0,0,0,0,20160721,20161210
000058,0,0,0,0,0,0,0,20160721,20161210
000059,0,0,0,0,0,0,0,20160721,20161210
000061,0,0,0,0,0,0,0,20160721,20161210
000062,0,0,0,0,0,0,0,20160721,20161210
000063,0,0,0,0,0,0,0,20160721,20161210
000064,0,0,0,0,0,0,0,20160721,20161210
000066,0,0,0,0,0,0,0,20160721,20161210
000069,0,0,0,0,0,0,0,20160721,20161210
000070,0,0,0,0,0,0,0,20160721,20161210
000071,0,0,0,0,0,0,0,20160721,20161210
000072,0,0,0,0,0,0,0,20160721,20161210
000073,0,0,0,0,0,0,0,20160721,20161210
000074,0,0,0,0,0,0,0,20160721,20161210
000075,0,0,0,0,0,0,0,20160721,20161210
000076,0,0,0,0,0,0,0,20160721,20161210
000077,0,0,0,0,0,0,0,20160721,20161210
000078,0,0,0,0,0,0,0,20160721,20161210
000079,0,0,0,0,0,0,0,20160721,20161210
000080,0,0,0,0,0,0,0,20160721,20161210
000081,0,0,0,0,0,0,0,20160721,20161210
000082,0,0,0,0,0,0,0,20160721,20161210
000083,0,0,0,0,0,0,0,20160721,20161210
000084,0,0,0,0,0,0,0,20160721,20161210
000086,0,0,0,0,0,0,0,20160721,20161210
000087,0,0,0,0,0,0,0,20160721,20161210
000088,0,0,0,0,0,0,0,20160721,20161210
000089,0,0,0,0,0,0,0,20160721,20161210
000090,0,0,0,0,0,0,0,20160721,20161210
000091,0,0,0,0,0,0,0,20160721,20161210
000092,0,0,0,0,0,0,0,20160721,20161210
000093,0,0,0,0,0,0,0,20160721,20161210
000095,0,0,0,0,0,0,0,20160721,20161210
000096,0,0,0,0,0,0,0,20160721,20161210
000097,0,0,0,0,0,0,0,20160721,20161210
000099,0,0,0,0,0,0,0,20160721,20161210
000102,0,0,0,0,0,0,0,20160721,20161210
000103,0,0,0,0,0,0,0,20160721,20161210
000104,0,0,0,0,0,0,0,20160721,20161210
000105,0,0,0,0,0,0,0,20160721,20161210
000106,0,0,0,0,0,0,0,20160721,20161210
000107,0,0,0,0,0,0,0,20160721,20161210
000108,0,0,0,0,0,0,0,20160721,20161210
000109,0,0,0,0,0,0,0,20160721,20161210
000110,0,0,0,0,0,0,0,20160721,20161210
000111,0,0,0,0,0,0,0,20160721,20161210
000112,0,0,0,0,0,0,0,20160721,20161210
000113,0,0,0,0,0,0,0,20160721,20161210
000114,0,0,0,0,0,0,0,20160721,20161210
000115,0,0,0,0,0,0,0,20160721,20161210
000116,0,0,0,0,0,0,0,20160721,20161210
000117,0,0,0,0,0,0,0,20160721,20161210
000118,0,0,0,0,0,0,0,20160721,20161210
000119,0,0,0,0,0,0,0,20160721,20161210
000120,0,0,0,0,0,0,0,20160721,20161210
000121,0,0,0,0,0,0,0,20160721,20161210
000122,0,0,0,0,0,0,0,20160721,20161210
000123,0,0,0,0,0,0,0,20160721,20161210
000124,0,0,0,0,0,0,0,20160721,20161210
000125,0,0,0,0,0,0,0,20160721,20161210
000126,0,0,0,0,0,0,0,20160721,20161210
000127,0,0,0,0,0,0,0,20160721,20161210
000128,0,0,0,0,0,0,0,20160721,20161210
000129,0,0,0,0,0,0,0,20160721,20161210
000130,0,0,0,0,0,0,0,20160721,20161210
000131,0,0,0,0,0,0,0,20160721,20161210
000132,0,0,0,0,0,0,0,20160721,20161210
000133,0,0,0,0,0,0,0,20160721,20161210
000134,0,0,0,0,0,0,0,20160721,20161210
000135,0,0,0,0,0,0,0,20160721,20161210
000136,0,0,0,0,0,0,0,20160721,20161210
000137,0,0,0,0,0,0,0,20160721,20161210
000138,0,0,0,0,0,0,0,20160721,20161210
000139,0,0,0,0,0,0,0,20160721,20161210
000140,0,0,0,0,0,0,0,20160721,20161210
000141,0,0,0,0,0,0,0,20160721,20161210
000142,0,0,0,0,0,0,0,20160721,20161210
000143,0,0,0,0,0,0,0,20160721,20161210
000144,0,0,0,0,0,0,0,20160721,20161210
000145,0,0,0,0,0,0,0,20160721,20161210
000146,0,0,0,0,0,0,0,20160721,20161210
000147,0,0,0,0,0,0,0,20160721,20161210
000149,0,0,0,0,0,0,0,20160721,20161210
000150,0,0,0,0,0,0,0,20160721,20161210
000152,0,0,0,0,0,0,0,20160721,20161210
000153,0,0,0,0,0,0,0,20160721,20161210
000154,0,0,0,0,0,0,0,20160721,20161210
000155,0,0,0,0,0,0,0,20160721,20161210
000156,0,0,0,0,0,0,0,20160721,20161210
000157,0,0,0,0,0,0,0,20160721,20161210
000158,0,0,0,0,0,0,0,20160721,20161210
000159,0,0,0,0,0,0,0,20160721,20161210
000160,0,0,0,0,0,0,0,20160721,20161210
000161,0,0,0,0,0,0,0,20160721,20161210
000162,0,0,0,0,0,0,0,20160721,20161210
000163,0,0,0,0,0,0,0,20160721,20161210
000164,0,0,0,0,0,0,0,20160721,20161210
000165,0,0,0,0,0,0,0,20160721,20161210
000166,0,0,0,0,0,0,0,20160721,20161210
000167,0,0,0,0,0,0,0,20160721,20161210
000170,0,0,0,0,0,0,0,20160721,20161210
000171,0,0,0,0,0,0,0,20160721,20161210
000172,0,0,0,0,0,0,0,20160721,20161210
000173,0,0,0,0,0,0,0,20160721,20161210
000175,0,0,0,0,0,0,0,20160721,20161210
000176,0,0,0,0,0,0,0,20160721,20161210
000177,0,0,0,0,0,0,0,20160721,20161210
000178,0,0,0,0,0,0,0,20160721,20161210
000179,0,0,0,0,0,0,0,20160721,20161210
000180,0,0,0,0,0,0,0,20160721,20161210
000181,0,0,0,0,0,0,0,20160721,20161210
000182,0,0,0,0,0,0,0,20160721,20161210
000183,0,0,0,0,0,0,0,20160721,20161210
000184,0,0,0,0,0,0,0,20160721,20161210
000185,0,0,0,0,0,0,0,20160721,20161210
000186,0,0,0,0,0,0,0,20160721,20161210
000187,0,0,0,0,0,0,0,20160721,20161210
000188,0,0,0,0,0,0,0,20160721,20161210
000189,0,0,0,0,0,0,0,20160721,20161210
000190,0,0,0,0,0,0,0,20160721,20161210
000191,0,0,0,0,0,0,0,20160721,20161210
000192,0,0,0,0,0,0,0,20160721,20161210
000193,0,0,0,0,0,0,0,20160721,20161210
000194,0,0,0,0,0,0,0,20160721,20161210
000195,0,0,0,0,0,0,0,20160721,20161210
000196,0,0,0,0,0,0,0,20160721,20161210
000197,0,0,0,0,0,0,0,20160721,20161210
000198,0,0,0,0,0,0,0,20160721,20161210
000199,0,0,0,0,0,0,0,20160721,20161210
000200,0,0,0,0,0,0,0,20160721,20161210
000201,0,0,0,0,0,0,0,20160721,20161210
000202,0,0,0,0,0,0,0,20160721,20161210
000203,0,0,0,0,0,0,0,20160721,20161210
000204,0,0,0,0,0,0,0,20160721,20161210
000205,0,0,0,0,0,0,0,20160721,20161210
000206,0,0,0,0,0,0,0,20160721,20161210
000207,0,0,0,0,0,0,0,20160721,20161210
000208,0,0,0,0,0,0,0,20160721,20161210
000209,0,0,0,0,0,0,0,20160721,20161210
000210,0,0,0,0,0,0,0,20160721,20161210
000211,0,0,0,0,0,0,0,20160721,20161210
000212,0,0,0,0,0,0,0,20160721,20161210
000213,0,0,0,0,0,0,0,20160721,20161210
000214,0,0,0,0,0,0,0,20160721,20161210
000215,0,0,0,0,0,0,0,20160721,20161210
000216,0,0,0,0,0,0,0,20160721,20161210
000217,0,0,0,0,0,0,0,20160721,20161210
000218,0,0,0,0,0,0,0,20160721,20161210
000219,0,0,0,0,0,0,0,20160721,20161210
000220,0,0,0,0,0,0,0,20160721,20161210
000223,0,0,0,0,0,0,0,20160721,20161210
000225,0,0,0,0,0,0,0,20160721,20161210
000227,0,0,0,0,0,0,0,20160721,20161210
000230,0,0,0,0,0,0,0,20160721,20161210
000232,0,0,0,0,0,0,0,20160721,20161210
000233,0,0,0,0,0,0,0,20160721,20161210
000238,0,0,0,0,0,0,0,20160721,20161210
000239,0,0,0,0,0,0,0,20160721,20161210
000240,0,0,0,0,0,0,0,20160721,20161210
000241,0,0,0,0,0,0,0,20160721,20161210
000242,0,0,0,0,0,0,0,20160721,20161210
000243,0,0,0,0,0,0,0,20160721,20161210
000244,0,0,0,0,0,0,0,20160721,20161210
000245,0,0,0,0,0,0,0,20160721,20161210
000246,0,0,0,0,0,0,0,20160721,20161210
000251,0,0,0,0,0,0,0,20160721,20161210
000253,0,0,0,0,0,0,0,20160721,20161210
000254,0,0,0,0,0,0,0,20160721,20161210
000255,0,0,0,0,0,0,0,20160721,20161210
000256,0,0,0,0,0,0,0,20160721,20161210
000257,0,0,0,0,0,0,0,20160721,20161210
000258,0,0,0,0,0,0,0,20160721,20161210
000259,0,0,0,0,0,0,0,20160721,20161210
000260,0,0,0,0,0,0,0,20160721,20161210
000261,0,0,0,0,0,0,0,20160721,20161210
000262,0,0,0,0,0,0,0,20160721,20161210
000263,0,0,0,0,0,0,0,20160721,20161210
000264,0,0,0,0,0,0,0,20160721,20161210
000265,0,0,0,0,0,0,0,20160721,20161210
000266,0,0,0,0,0,0,0,20160721,20161210
000268,0,0,0,0,0,0,0,20160721,20161210
000270,0,0,0,0,0,0,0,20160721,20161210
000271,0,0,0,0,0,0,0,20160721,20161210
000272,0,0,0,0,0,0,0,20160721,20161210
000273,0,0,0,0,0,0,0,20160721,20161210
000276,0,0,0,0,0,0,0,20160721,20161210
000277,0,0,0,0,0,0,0,20160721,20161210
000278,0,0,0,0,0,0,0,20160721,20161210
000279,0,0,0,0,0,0,0,20160721,20161210
000280,0,0,0,0,0,0,0,20160721,20161210
000281,0,0,0,0,0,0,0,20160721,20161210
000282,0,0,0,0,0,0,0,20160721,20161210
000284,0,0,0,0,0,0,0,20160721,20161210
000285,0,0,0,0,0,0,0,20160721,20161210
000288,0,0,0,0,0,0,0,20160721,20161210
000289,0,0,0,0,0,0,0,20160721,20161210
000290,0,0,0,0,0,0,0,20160721,20161210
000292,0,0,0,0,0,0,0,20160721,20161210
000295,0,0,0,0,0,0,0,20160721,20161210
000297,0,0,0,0,0,0,0,20160721,20161210
000298,0,0,0,0,0,0,0,20160721,20161210
000301,0,0,0,0,0,0,0,20160721,20161210
000302,0,0,0,0,0,0,0,20160721,20161210
000310,0,0,0,0,0,0,0,20160721,20161210
000314,0,0,0,0,0,0,0,20160721,20161210
000320,0,0,0,0,0,0,0,20160721,20161210
000325,0,0,0,0,0,0,0,20160721,20161210
000326,0,0,0,0,0,0,0,20160721,20161210
000327,0,0,0,0,0,0,0,20160721,20161210
000331,0,0,0,0,0,0,0,20160721,20161210
000335,0,0,0,0,0,0,0,20160721,20161210
000338,0,0,0,0,0,0,0,20160721,20161210
000351,0,0,0,0,0,0,0,20160721,20161210
000353,0,0,0,0,0,0,0,20160721,20161210
000355,0,0,0,0,0,0,0,20160721,20161210
000356,0,0,0,0,0,0,0,20160721,20161210
000360,0,0,0,0,0,0,0,20160721,20161210
000361,0,0,0,0,0,0,0,20160721,20161210
000362,0,0,0,0,0,0,0,20160721,20161210
000364,0,0,0,0,0,0,0,20160721,20161210
000366,0,0,0,0,0,0,0,20160721,20161210
000368,0,0,0,0,0,0,0,20160721,20161210
000375,0,0,0,0,0,0,0,20160721,20161210
000376,0,0,0,0,0,0,0,20160721,20161210
000377,0,0,0,0,0,0,0,20160721,20161210
000378,0,0,0,0,0,0,0,20160721,20161210
000380,0,0,0,0,0,0,0,20160721,20161210
000382,0,0,0,0,0,0,0,20160721,20161210
000393,0,0,0,0,0,0,0,20160721,20161210
000397,0,0,0,0,0,0,0,20160721,20161210
000401,0,0,0,0,0,0,0,20160721,20161210
000402,0,0,0,0,0,0,0,20160721,20161210
000403,0,0,0,0,0,0,0,20160721,20161210
000404,0,0,0,0,0,0,0,20160721,20161210
000405,0,0,0,0,0,0,0,20160721,20161210
000406,0,0,0,0,0,0,0,20160721,20161210
000407,0,0,0,0,0,0,0,20160721,20161210
000408,0,0,0,0,0,0,0,20160721,20161210
000409,0,0,0,0,0,0,0,20160721,20161210
000415,0,0,0,0,0,0,0,20160721,20161210
000416,0,0,0,0,0,0,0,20160721,20161210
000417,0,0,0,0,0,0,0,20160721,20161210
000418,0,0,0,0,0,0,0,20160721,20161210
000419,0,0,0,0,0,0,0,20160721,20161210
000420,0,0,0,0,0,0,0,20160721,20161210
000421,0,0,0,0,0,0,0,20160721,20161210
000422,0,0,0,0,0,0,0,20160721,20161210
000423,0,0,0,0,0,0,0,20160721,20161210
000424,0,0,0,0,0,0,0,20160721,20161210
000425,0,0,0,0,0,0,0,20160721,20161210
000426,0,0,0,0,0,0,0,20160721,20161210
000427,0,0,0,0,0,0,0,20160721,20161210
000428,0,0,0,0,0,0,0,20160721,20161210
000429,0,0,0,0,0,0,0,20160721,20161210
000430,0,0,0,0,0,0,0,20160721,20161210
000431,0,0,0,0,0,0,0,20160721,20161210
000432,0,0,0,0,0,0,0,20160721,20161210
000434,0,0,0,0,0,0,0,20160721,20161210
000435,0,0,0,0,0,0,0,20160721,20161210
000436,0,0,0,0,0,0,0,20160721,20161210
000437,0,0,0,0,0,0,0,20160721,20161210
000438,0,0,0,0,0,0,0,20160721,20161210
000439,0,0,0,0,0,0,0,20160721,20161210
000440,0,0,0,0,0,0,0,20160721,20161210
000441,0,0,0,0,0,0,0,20160721,20161210
000442,0,0,0,0,0,0,0,20160721,20161210
000443,0,0,0,0,0,0,0,20160721,20161210
000444,0,0,0,0,0,0,0,20160721,20161210
000446,0,0,0,0,0,0,0,20160721,20161210
000447,0,0,0,0,0,0,0,20160721,20161210
000448,0,0,0,0,0,0,0,20160721,20161210
000449,0,0,0,0,0,0,0,20160721,20161210
000450,0,0,0,0,0,0,0,20160721,20161210
000451,0,0,0,0,0,0,0,20160721,20161210
000452,0,0,0,0,0,0,0,20160721,20161210
000454,0,0,0,0,0,0,0,20160721,20161210
000455,0,0,0,0,0,0,0,20160721,20161210
000456,0,0,0,0,0,0,0,20160721,20161210
000457,0,0,0,0,0,0,0,20160721,20161210
000458,0,0,0,0,0,0,0,20160721,20161210
000459,0,0,0,0,0,0,0,20160721,20161210
000464,0,0,0,0,0,0,0,20160721,20161210
000465,0,0,0,0,0,0,0,20160721,20161210
000466,0,0,0,0,0,0,0,20160721,20161210
000467,0,0,0,0,0,0,0,20160721,20161210
000468,0,0,0,0,0,0,0,20160721,20161210
000470,0,0,0,0,0,0,0,20160721,20161210
000471,0,0,0,0,0,0,0,20160721,20161210
000472,0,0,0,0,0,0,0,20160721,20161210
000473,0,0,0,0,0,0,0,20160721,20161210
000474,0,0,0,0,0,0,0,20160721,20161210
000475,0,0,0,0,0,0,0,20160721,20161210
000476,0,0,0,0,0,0,0,20160721,20161210
000477,0,0,0,0,0,0,0,20160721,20161210
000486,0,0,0,0,0,0,0,20160721,20161210
000487,0,0,0,0,0,0,0,20160721,20161210
000488,0,0,0,0,0,0,0,20160721,20161210
000489,0,0,0,0,0,0,0,20160721,20161210
000490,0,0,0,0,0,0,0,20160721,20161210
000499,0,0,0,0,0,0,0,20160721,20161210
000500,0,0,0,0,0,0,0,20160721,20161210
000501,0,0,0,0,0,0,0,20160721,20161210
000502,0,0,0,0,0,0,0,20160721,20161210
000503,0,0,0,0,0,0,0,20160721,20161210
000504,0,0,0,0,0,0,0,20160721,20161210
000505,0,0,0,0,0,0,0,20160721,20161210
000510,0,0,0,0,0,0,0,20160721,20161210
000511,0,0,0,0,0,0,0,20160721,20161210
000512,0,0,0,0,0,0,0,20160721,20161210
000513,0,0,0,0,0,0,0,20160721,20161210
000514,0,0,0,0,0,0,0,20160721,20161210
000515,0,0,0,0,0,0,0,20160721,20161210
000516,0,0,0,0,0,0,0,20160721,20161210
000517,0,0,0,0,0,0,0,20160721,20161210
000520,0,0,0,0,0,0,0,20160721,20161210
000521,0,0,0,0,0,0,0,20160721,20161210
000522,0,0,0,0,0,0,0,20160721,20161210
000523,0,0,0,0,0,0,0,20160721,20161210
000525,0,0,0,0,0,0,0,20160721,20161210
000527,0,0,0,0,0,0,0,20160721,20161210
000528,0,0,0,0,0,0,0,20160721,20161210
000529,0,0,0,0,0,0,0,20160721,20161210
000530,0,0,0,0,0,0,0,20160721,20161210
000531,0,0,0,0,0,0,0,20160721,20161210
000535,0,0,0,0,0,0,0,20160721,20161210
000536,0,0,0,0,0,0,0,20160721,20161210
000537,0,0,0,0,0,0,0,20160721,20161210
000540,0,0,0,0,0,0,0,20160721,20161210
000541,0,0,0,0,0,0,0,20160721,20161210
000544,0,0,0,0,0,0,0,20160721,20161210
000545,0,0,0,0,0,0,0,20160721,20161210
000546,0,0,0,0,0,0,0,20160721,20161210
000547,0,0,0,0,0,0,0,20160721,20161210
000548,0,0,0,0,0,0,0,20160721,20161210
000549,0,0,0,0,0,0,0,20160721,20161210
000551,0,0,0,0,0,0,0,20160721,20161210
000552,0,0,0,0,0,0,0,20160721,20161210
000553,0,0,0,0,0,0,0,20160721,20161210
000555,0,0,0,0,0,0,0,20160721,20161210
000558,0,0,0,0,0,0,0,20160721,20161210
000559,0,0,0,0,0,0,0,20160721,20161210
000560,0,0,0,0,0,0,0,20160721,20161210
000561,0,0,0,0,0,0,0,20160721,20161210
000563,0,0,0,0,0,0,0,20160721,20161210
000564,0,0,0,0,0,0,0,20160721,20161210
000565,0,0,0,0,0,0,0,20160721,20161210
000566,0,0,0,0,0,0,0,20160721,20161210
000567,0,0,0,0,0,0,0,20160721,20161210
000570,0,0,0,0,0,0,0,20160721,20161210
000571,0,0,0,0,0,0,0,20160721,20161210
000573,0,0,0,0,0,0,0,20160721,20161210
000574,0,0,0,0,0,0,0,20160721,20161210
000575,0,0,0,0,0,0,0,20160721,20161210
000576,0,0,0,0,0,0,0,20160721,20161210
000577,0,0,0,0,0,0,0,20160721,20161210
000579,0,0,0,0,0,0,0,20160721,20161210
000580,0,0,0,0,0,0,0,20160721,20161210
000581,0,0,0,0,0,0,0,20160721,20161210
000582,0,0,0,0,0,0,0,20160721,20161210
000583,0,0,0,0,0,0,0,20160721,20161210
000584,0,0,0,0,0,0,0,20160721,20161210
000585,0,0,0,0,0,0,0,20160721,20161210
000586,0,0,0,0,0,0,0,20160721,20161210
000587,0,0,0,0,0,0,0,20160721,20161210
000588,0,0,0,0,0,0,0,20160721,20161210
000589,0,0,0,0,0,0,0,20160721,20161210
000592,0,0,0,0,0,0,0,20160721,20161210
000593,0,0,0,0,0,0,0,20160721,20161210
000596,0,0,0,0,0,0,0,20160721,20161210
000597,0,0,0,0,0,0,0,20160721,20161210
000598,0,0,0,0,0,0,0,20160721,20161210
000599,0,0,0,0,0,0,0,20160721,20161210
000600,0,0,0,0,0,0,0,20160721,20161210
000601,0,0,0,0,0,0,0,20160721,20161210
000602,0,0,0,0,0,0,0,20160721,20161210
000603,0,0,0,0,0,0,0,20160721,20161210
000604,0,0,0,0,0,0,0,20160721,20161210
000605,0,0,0,0,0,0,0,20160721,20161210
000606,0,0,0,0,0,0,0,20160721,20161210
000609,0,0,0,0,0,0,0,20160721,20161210
000610,0,0,0,0,0,0,0,20160721,20161210
000611,0,0,0,0,0,0,0,20160721,20161210
000612,0,0,0,0,0,0,0,20160721,20161210
000613,0,0,0,0,0,0,0,20160721,20161210
000614,0,0,0,0,0,0,0,20160721,20161210
000615,0,0,0,0,0,0,0,20160721,20161210
000616,0,0,0,0,0,0,0,20160721,20161210
000617,0,0,0,0,0,0,0,20160721,20161210
000618,0,0,0,0,0,0,0,20160721,20161210
000619,0,0,0,0,0,0,0,20160721,20161210
000620,0,0,0,0,0,0,0,20160721,20161210
000623,0,0,0,0,0,0,0,20160721,20161210
000624,0,0,0,0,0,0,0,20160721,20161210
000626,0,0,0,0,0,0,0,20160721,20161210
000627,0,0,0,0,0,0,0,20160721,20161210
000628,0,0,0,0,0,0,0,20160721,20161210
000629,0,0,0,0,0,0,0,20160721,20161210
000630,0,0,0,0,0,0,0,20160721,20161210
000631,0,0,0,0,0,0,0,20160721,20161210
000633,0,0,0,0,0,0,0,20160721,20161210
000635,0,0,0,0,0,0,0,20160721,20161210
000636,0,0,0,0,0,0,0,20160721,20161210
000639,0,0,0,0,0,0,0,20160721,20161210
000640,0,0,0,0,0,0,0,20160721,20161210
000641,0,0,0,0,0,0,0,20160721,20161210
000642,0,0,0,0,0,0,0,20160721,20161210
000643,0,0,0,0,0,0,0,20160721,20161210
000644,0,0,0,0,0,0,0,20160721,20161210
000645,0,0,0,0,0,0,0,20160721,20161210
000646,0,0,0,0,0,0,0,20160721,20161210
000647,0,0,0,0,0,0,0,20160721,20161210
000648,0,0,0,0,0,0,0,20160721,20161210
000649,0,0,0,0,0,0,0,20160721,20161210
000650,0,0,0,0,0,0,0,20160721,20161210
000651,0,0,0,0,0,0,0,20160721,20161210
000652,0,0,0,0,0,0,0,20160721,20161210
000654,0,0,0,0,0,0,0,20160721,20161210
000655,0,0,0,0,0,0,0,20160721,20161210
000657,0,0,0,0,0,0,0,20160721,20161210
000658,0,0,0,0,0,0,0,20160721,20161210
000662,0,0,0,0,0,0,0,20160721,20161210
000663,0,0,0,0,0,0,0,20160721,20161210
000666,0,0,0,0,0,0,0,20160721,20161210
000667,0,0,0,0,0,0,0,20160721,20161210
000668,0,0,0,0,0,0,0,20160721,20161210
000669,0,0,0,0,0,0,0,20160721,20161210
000670,0,0,0,0,0,0,0,20160721,20161210
000671,0,0,0,0,0,0,0,20160721,20161210
000672,0,0,0,0,0,0,0,20160721,20161210
000673,0,0,0,0,0,0,0,20160721,20161210
000674,0,0,0,0,0,0,0,20160721,20161210
000675,0,0,0,0,0,0,0,20160721,20161210
000676,0,0,0,0,0,0,0,20160721,20161210
000677,0,0,0,0,0,0,0,20160721,20161210
000678,0,0,0,0,0,0,0,20160721,20161210
000679,0,0,0,0,0,0,0,20160721,20161210
000680,0,0,0,0,0,0,0,20160721,20161210
000681,0,0,0,0,0,0,0,20160721,20161210
000682,0,0,0,0,0,0,0,20160721,20161210
000683,0,0,0,0,0,0,0,20160721,20161210
000684,0,0,0,0,0,0,0,20160721,20161210
000685,0,0,0,0,0,0,0,20160721,20161210
000686,0,0,0,0,0,0,0,20160721,20161210
000687,0,0,0,0,0,0,0,20160721,20161210
000688,0,0,0,0,0,0,0,20160721,20161210
000690,0,0,0,0,0,0,0,20160721,20161210
000691,0,0,0,0,0,0,0,20160721,20161210
000692,0,0,0,0,0,0,0,20160721,20161210
000693,0,0,0,0,0,0,0,20160721,20161210
000694,0,0,0,0,0,0,0,20160721,20161210
000695,0,0,0,0,0,0,0,20160721,20161210
000696,0,0,0,0,0,0,0,20160721,20161210
000700,0,0,0,0,0,0,0,20160721,20161210
000701,0,0,0,0,0,0,0,20160721,20161210
000702,0,0,0,0,0,0,0,20160721,20161210
000703,0,0,0,0,0,0,0,20160721,20161210
000704,0,0,0,0,0,0,0,20160721,20161210
000709,0,0,0,0,0,0,0,20160721,20161210
000712,0,0,0,0,0,0,0,20160721,20161210
000713,0,0,0,0,0,0,0,20160721,20161210
000714,0,0,0,0,0,0,0,20160721,20161210
000715,0,0,0,0,0,0,0,20160721,20161210
000717,0,0,0,0,0,0,0,20160721,20161210
000718,0,0,0,0,0,0,0,20160721,20161210
000721,0,0,0,0,0,0,0,20160721,20161210
000722,0,0,0,0,0,0,0,20160721,20161210
000723,0,0,0,0,0,0,0,20160721,20161210
000725,0,0,0,0,0,0,0,20160721,20161210
000732,0,0,0,0,0,0,0,20160721,20161210
000733,0,0,0,0,0,0,0,20160721,20161210
000734,0,0,0,0,0,0,0,20160721,20161210
000735,0,0,0,0,0,0,0,20160721,20161210
000738,0,0,0,0,0,0,0,20160721,20161210
000739,0,0,0,0,0,0,0,20160721,20161210
000740,0,0,0,0,0,0,0,20160721,20161210
000743,0,0,0,0,0,0,0,20160721,20161210
000745,0,0,0,0,0,0,0,20160721,20161210
000746,0,0,0,0,0,0,0,20160721,20161210
000748,0,0,0,0,0,0,0,20160721,20161210
000754,0,0,0,0,0,0,0,20160721,20161210
000755,0,0,0,0,0,0,0,20160721,20161210
000756,0,0,0,0,0,0,0,20160721,20161210
000760,0,0,0,0,0,0,0,20160721,20161210
000763,0,0,0,0,0,0,0,20160721,20161210
000765,0,0,0,0,0,0,0,20160721,20161210
000769,0,0,0,0,0,0,0,20160721,20161210
000770,0,0,0,0,0,0,0,20160721,20161210
000775,0,0,0,0,0,0,0,20160721,20161210
000776,0,0,0,0,0,0,0,20160721,20161210
000778,0,0,0,0,0,0,0,20160721,20161210
000780,0,0,0,0,0,0,0,20160721,20161210
000781,0,0,0,0,0,0,0,20160721,20161210
000782,0,0,0,0,0,0,0,20160721,20161210
000790,0,0,0,0,0,0,0,20160721,20161210
000791,0,0,0,0,0,0,0,20160721,20161210
000792,0,0,0,0,0,0,0,20160721,20161210
000793,0,0,0,0,0,0,0,20160721,20161210
000795,0,0,0,0,0,0,0,20160721,20161210
000796,0,0,0,0,0,0,0,20160721,20161210
000797,0,0,0,0,0,0,0,20160721,20161210
000798,0,0,0,0,0,0,0,20160721,20161210
000800,0,0,0,0,0,0,0,20160721,20161210
000801,0,0,0,0,0,0,0,20160721,20161210
000802,0,0,0,0,0,0,0,20160721,20161210
000803,0,0,0,0,0,0,0,20160721,20161210
000804,0,0,0,0,0,0,0,20160721,20161210
000806,0,0,0,0,0,0,0,20160721,20161210
000807,0,0,0,0,0,0,0,20160721,20161210
000808,0,0,0,0,0,0,0,20160721,20161210
000811,0,0,0,0,0,0,0,20160721,20161210
000818,0,0,0,0,0,0,0,20160721,20161210
000820,0,0,0,0,0,0,0,20160721,20161210
000821,0,0,0,0,0,0,0,20160721,20161210
000824,0,0,0,0,0,0,0,20160721,20161210
000825,0,0,0,0,0,0,0,20160721,20161210
000826,0,0,0,0,0,0,0,20160721,20161210
000827,0,0,0,0,0,0,0,20160721,20161210
000828,0,0,0,0,0,0,0,20160721,20161210
000829,0,0,0,0,0,0,0,20160721,20161210
000830,0,0,0,0,0,0,0,20160721,20161210
000838,0,0,0,0,0,0,0,20160721,20161210
000839,0,0,0,0,0,0,0,20160721,20161210
000840,0,0,0,0,0,0,0,20160721,20161210
000841,0,0,0,0,0,0,0,20160721,20161210
000842,0,0,0,0,0,0,0,20160721,20161210
000843,0,0,0,0,0,0,0,20160721,20161210
000844,0,0,0,0,0,0,0,20160721,20161210
000847,0,0,0,0,0,0,0,20160721,20161210
000860,0,0,0,0,0,0,0,20160721,20161210
000861,0,0,0,0,0,0,0,20160721,20161210
000862,0,0,0,0,0,0,0,20160721,20161210
000863,0,0,0,0,0,0,0,20160721,20161210
000864,0,0,0,0,0,0,0,20160721,20161210
000865,0,0,0,0,0,0,0,20160721,20161210
000866,0,0,0,0,0,0,0,20160721,20161210
000867,0,0,0,0,0,0,0,20160721,20161210
000868,0,0,0,0,0,0,0,20160721,20161210
000869,0,0,0,0,0,0,0,20160721,20161210
000870,0,0,0,0,0,0,0,20160721,20161210
000871,0,0,0,0,0,0,0,20160721,20161210
000872,0,0,0,0,0,0,0,20160721,20161210
000873,0,0,0,0,0,0,0,20160721,20161210
000874,0,0,0,0,0,0,0,20160721,20161210
000875,0,0,0,0,0,0,0,20160721,20161210
000876,0,0,0,0,0,0,0,20160721,20161210
000877,0,0,0,0,0,0,0,20160721,20161210
000878,0,0,0,0,0,0,0,20160721,20161210
000879,0,0,0,0,0,0,0,20160721,20161210
000880,0,0,0,0,0,0,0,20160721,20161210
000881,0,0,0,0,0,0,0,20160721,20161210
000882,0,0,0,0,0,0,0,20160721,20161210
000883,0,0,0,0,0,0,0,20160721,20161210
000884,0,0,0,0,0,0,0,20160721,20161210
000885,0,0,0,0,0,0,0,20160721,20161210
000886,0,0,0,0,0,0,0,20160721,20161210
000887,0,0,0,0,0,0,0,20160721,20161210
000889,0,0,0,0,0,0,0,20160721,20161210
000890,0,0,0,0,0,0,0,20160721,20161210
000891,0,0,0,0,0,0,0,20160721,20161210
000892,0,0,0,0,0,0,0,20160721,20161210
000893,0,0,0,0,0,0,0,20160721,20161210
000894,0,0,0,0,0,0,0,20160721,20161210
000895,0,0,0,0,0,0,0,20160721,20161210
000896,0,0,0,0,0,0,0,20160721,20161210
000901,0,0,0,0,0,0,0,20160721,20161210
000903,0,0,0,0,0,0,0,20160721,20161210
000905,0,0,0,0,0,0,0,20160721,20161210
000906,0,0,0,0,0,0,0,20160721,20161210
000907,0,0,0,0,0,0,0,20160721,20161210
000908,0,0,0,0,0,0,0,20160721,20161210
000909,0,0,0,0,0,0,0,20160721,20161210
000910,0,0,0,0,0,0,0,20160721,20161210
000911,0,0,0,0,0,0,0,20160721,20161210
000912,0,0,0,0,0,0,0,20160721,20161210
000913,0,0,0,0,0,0,0,20160721,20161210
000914,0,0,0,0,0,0,0,20160721,20161210
000915,0,0,0,0,0,0,0,20160721,20161210
000916,0,0,0,0,0,0,0,20160721,20161210
000917,0,0,0,0,0,0,0,20160721,20161210
000918,0,0,0,0,0,0,0,20160721,20161210
000919,0,0,0,0,0,0,0,20160721,20161210
000920,0,0,0,0,0,0,0,20160721,20161210
000921,0,0,0,0,0,0,0,20160721,20161210
000922,0,0,0,0,0,0,0,20160721,20161210
000923,0,0,0,0,0,0,0,20160721,20161210
000924,0,0,0,0,0,0,0,20160721,20161210
000925,0,0,0,0,0,0,0,20160721,20161210
000926,0,0,0,0,0,0,0,20160721,20161210
000927,0,0,0,0,0,0,0,20160721,20161210
000929,0,0,0,0,0,0,0,20160721,20161210
000930,0,0,0,0,0,0,0,20160721,20161210
000931,0,0,0,0,0,0,0,20160721,20161210
000932,0,0,0,0,0,0,0,20160721,20161210
000934,0,0,0,0,0,0,0,20160721,20161210
000935,0,0,0,0,0,0,0,20160721,20161210
000936,0,0,0,0,0,0,0,20160721,20161210
000937,0,0,0,0,0,0,0,20160721,20161210
000938,0,0,0,0,0,0,0,20160721,20161210
000939,0,0,0,0,0,0,0,20160721,20161210
000941,0,0,0,0,0,0,0,20160721,20161210
000942,0,0,0,0,0,0,0,20160721,20161210
000943,0,0,0,0,0,0,0,20160721,20161210
000944,0,0,0,0,0,0,0,20160721,20161210
000945,0,0,0,0,0,0,0,20160721,20161210
000946,0,0,0,0,0,0,0,20160721,20161210
000948,0,0,0,0,0,0,0,20160721,20161210
000949,0,0,0,0,0,0,0,20160721,20161210
000950,0,0,0,0,0,0,0,20160721,20161210
000954,0,0,0,0,0,0,0,20160721,20161210
000955,0,0,0,0,0,0,0,20160721,20161210
000956,0,0,0,0,0,0,0,20160721,20161210
000957,0,0,0,0,0,0,0,20160721,20161210
000958,0,0,0,0,0,0,0,20160721,20161210
000959,0,0,0,0,0,0,0,20160721,20161210
000960,0,0,0,0,0,0,0,20160721,20161210
000961,0,0,0,0,0,0,0,20160721,20161210
000962,0,0,0,0,0,0,0,20160721,20161210
000963,0,0,0,0,0,0,0,20160721,20161210
000964,0,0,0,0,0,0,0,20160721,20161210
000965,0,0,0,0,0,0,0,20160721,20161210
000966,0,0,0,0,0,0,0,20160721,20161210
000967,0,0,0,0,0,0,0,20160721,20161210
000968,0,0,0,0,0,0,0,20160721,20161210
000969,0,0,0,0,0,0,0,20160721,20161210
000970,0,0,0,0,0,0,0,20160721,20161210
000972,0,0,0,0,0,0,0,20160721,20161210
000973,0,0,0,0,0,0,0,20160721,20161210
000974,0,0,0,0,0,0,0,20160721,20161210
000975,0,0,0,0,0,0,0,20160721,20161210
000976,0,0,0,0,0,0,0,20160721,20161210
000977,0,0,0,0,0,0,0,20160721,20161210
000978,0,0,0,0,0,0,0,20160721,20161210
000982,0,0,0,0,0,0,0,20160721,20161210
000983,0,0,0,0,0,0,0,20160721,20161210
000984,0,0,0,0,0,0,0,20160721,20161210
000985,0,0,0,0,0,0,0,20160721,20161210
000986,0,0,0,0,0,0,0,20160721,20161210
000987,0,0,0,0,0,0,0,20160721,20161210
000988,0,0,0,0,0,0,0,20160721,20161210
000989,0,0,0,0,0,0,0,20160721,20161210
000990,0,0,0,0,0,0,0,20160721,20161210
000991,0,0,0,0,0,0,0,20160721,20161210
000992,0,0,0,0,0,0,0,20160721,20161210
000993,0,0,0,0,0,0,0,20160721,20161210
000994,0,0,0,0,0,0,0,20160721,20161210
000995,0,0,0,0,0,0,0,20160721,20161210
000996,0,0,0,0,0,0,0,20160721,20161210
000999,0,0,0,0,0,0,0,20160721,20161210
001000,0,0,0,0,0,0,0,20160721,20161210
001004,0,0,0,0,0,0,0,20160721,20161210
001005,0,0,0,0,0,0,0,20160721,20161210
001006,0,0,0,0,0,0,0,20160721,20161210
001007,0,0,0,0,0,0,0,20160721,20161210
001008,0,0,0,0,0,0,0,20160721,20161210
001010,0,0,0,0,0,0,0,20160721,20161210
001011,0,0,0,0,0,0,0,20160721,20161210
001013,0,0,0,0,0,0,0,20160721,20161210
001014,0,0,0,0,0,0,0,20160721,20161210
001015,0,0,0,0,0,0,0,20160721,20161210
001018,0,0,0,0,0,0,0,20160721,20161210
001022,0,0,0,0,0,0,0,20160721,20161210
001023,0,0,0,0,0,0,0,20160721,20161210
001024,0,0,0,0,0,0,0,20160721,20161210
001026,0,0,0,0,0,0,0,20160721,20161210
001029,0,0,0,0,0,0,0,20160721,20161210
001031,0,0,0,0,0,0,0,20160721,20161210
001032,0,0,0,0,0,0,0,20160721,20161210
001033,0,0,0,0,0,0,0,20160721,20161210
001034,0,0,0,0,0,0,0,20160721,20161210
001036,0,0,0,0,0,0,0,20160721,20161210
001037,0,0,0,0,0,0,0,20160721,20161210
001038,0,0,0,0,0,0,0,20160721,20161210
001039,0,0,0,0,0,0,0,20160721,20161210
001042,0,0,0,0,0,0,0,20160721,20161210
001043,0,0,0,0,0,0,0,20160721,20161210
001052,0,0,0,0,0,0,0,20160721,20161210
001053,0,0,0,0,0,0,0,20160721,20161210
001054,0,0,0,0,0,0,0,20160721,20161210
001055,0,0,0,0,0,0,0,20160721,20161210
001056,0,0,0,0,0,0,0,20160721,20161210
001057,0,0,0,0,0,0,0,20160721,20161210
001058,0,0,0,0,0,0,0,20160721,20161210
001059,0,0,0,0,0,0,0,20160721,20161210
001060,0,0,0,0,0,0,0,20160721,20161210
001061,0,0,0,0,0,0,0,20160721,20161210
001062,0,0,0,0,0,0,0,20160721,20161210
001063,0,0,0,0,0,0,0,20160721,20161210
001065,0,0,0,0,0,0,0,20160721,20161210
001066,0,0,0,0,0,0,0,20160721,20161210
001067,0,0,0,0,0,0,0,20160721,20161210
001068,0,0,0,0,0,0,0,20160721,20161210
001069,0,0,0,0,0,0,0,20160721,20161210
001070,0,0,0,0,0,0,0,20160721,20161210
001071,0,0,0,0,0,0,0,20160721,20161210
001072,0,0,0,0,0,0,0,20160721,20161210
001073,0,0,0,0,0,0,0,20160721,20161210
001074,0,0,0,0,0,0,0,20160721,20161210
001075,0,0,0,0,0,0,0,20160721,20161210
001080,0,0,0,0,0,0,0,20160721,20161210
001081,0,0,0,0,0,0,0,20160721,20161210
001083,0,0,0,0,0,0,0,20160721,20161210
001084,0,0,0,0,0,0,0,20160721,20161210
001085,0,0,0,0,0,0,0,20160721,20161210
001086,0,0,0,0,0,0,0,20160721,20161210
001087,0,0,0,0,0,0,0,20160721,20161210
001088,0,0,0,0,0,0,0,20160721,20161210
001089,0,0,0,0,0,0,0,20160721,20161210
001090,0,0,0,0,0,0,0,20160721,20161210
001093,0,0,0,0,0,0,0,20160721,20161210
001094,0,0,0,0,0,0,0,20160721,20161210
001095,0,0,0,0,0,0,0,20160721,20161210
001096,0,0,0,0,0,0,0,20160721,20161210
001097,0,0,0,0,0,0,0,20160721,20161210
001098,0,0,0,0,0,0,0,20160721,20161210
001099,0,0,0,0,0,0,0,20160721,20161210
001100,0,0,0,0,0,0,0,20160721,20161210
001105,0,0,0,0,0,0,0,20160721,20161210
001106,0,0,0,0,0,0,0,20160721,20161210
001107,0,0,0,0,0,0,0,20160721,20161210
001108,0,0,0,0,0,0,0,20160721,20161210
001111,0,0,0,0,0,0,0,20160721,20161210
001112,0,0,0,0,0,0,0,20160721,20161210
001113,0,0,0,0,0,0,0,20160721,20161210
001115,0,0,0,0,0,0,0,20160721,20161210
001117,0,0,0,0,0,0,0,20160721,20161210
001118,0,0,0,0,0,0,0,20160721,20161210
001119,0,0,0,0,0,0,0,20160721,20161210
001120,0,0,0,0,0,0,0,20160721,20161210
001121,0,0,0,0,0,0,0,20160721,20161210
001122,0,0,0,0,0,0,0,20160721,20161210
001123,0,0,0,0,0,0,0,20160721,20161210
001125,0,0,0,0,0,0,0,20160721,20161210
001134,0,0,0,0,0,0,0,20160721,20161210
001135,0,0,0,0,0,0,0,20160721,20161210
001136,0,0,0,0,0,0,0,20160721,20161210
001138,0,0,0,0,0,0,0,20160721,20161210
001139,0,0,0,0,0,0,0,20160721,20161210
001140,0,0,0,0,0,0,0,20160721,20161210
001145,0,0,0,0,0,0,0,20160721,20161210
001146,0,0,0,0,0,0,0,20160721,20161210
001147,0,0,0,0,0,0,0,20160721,20161210
001149,0,0,0,0,0,0,0,20160721,20161210
001150,0,0,0,0,0,0,0,20160721,20161210
001151,0,0,0,0,0,0,0,20160721,20161210
001152,0,0,0,0,0,0,0,20160721,20161210
001156,0,0,0,0,0,0,0,20160721,20161210
001157,0,0,0,0,0,0,0,20160721,20161210
001159,0,0,0,0,0,0,0,20160721,20161210
001161,0,0,0,0,0,0,0,20160721,20161210
001166,0,0,0,0,0,0,0,20160721,20161210
001169,0,0,0,0,0,0,0,20160721,20161210
001170,0,0,0,0,0,0,0,20160721,20161210
001171,0,0,0,0,0,0,0,20160721,20161210
001189,0,0,0,0,0,0,0,20160721,20161210
001191,0,0,0,0,0,0,0,20160721,20161210
001193,0,0,0,0,0,0,0,20160721,20161210
001194,0,0,0,0,0,0,0,20160721,20161210
001196,0,0,0,0,0,0,0,20160721,20161210
001197,0,0,0,0,0,0,0,20160721,20161210
001214,0,0,0,0,0,0,0,20160721,20161210
001215,0,0,0,0,0,0,0,20160721,20161210
001216,0,0,0,0,0,0,0,20160721,20161210
001217,0,0,0,0,0,0,0,20160721,20161210
001218,0,0,0,0,0,0,0,20160721,20161210
001219,0,0,0,0,0,0,0,20160721,20161210
001220,0,0,0,0,0,0,0,20160721,20161210
001222,0,0,0,0,0,0,0,20160721,20161210
001223,0,0,0,0,0,0,0,20160721,20161210
001224,0,0,0,0,0,0,0,20160721,20161210
001225,0,0,0,0,0,0,0,20160721,20161210
001227,0,0,0,0,0,0,0,20160721,20161210
001228,0,0,0,0,0,0,0,20160721,20161210
001230,0,0,0,0,0,0,0,20160721,20161210
001232,0,0,0,0,0,0,0,20160721,20161210
001246,0,0,0,0,0,0,0,20160721,20161210
001247,0,0,0,0,0,0,0,20160721,20161210
001248,0,0,0,0,0,0,0,20160721,20161210
001251,0,0,0,0,0,0,0,20160721,20161210
001261,0,0,0,0,0,0,0,20160721,20161210
001262,0,0,0,0,0,0,0,20160721,20161210
001263,0,0,0,0,0,0,0,20160721,20161210
001264,0,0,0,0,0,0,0,20160721,20161210
001270,0,0,0,0,0,0,0,20160721,20161210
001274,0,0,0,0,0,0,0,20160721,20161210
001275,0,0,0,0,0,0,0,20160721,20161210
001290,0,0,0,0,0,0,0,20160721,20161210
001291,0,0,0,0,0,0,0,20160721,20161210
001293,0,0,0,0,0,0,0,20160721,20161210
001294,0,0,0,0,0,0,0,20160721,20161210
001298,0,0,0,0,0,0,0,20160721,20161210
001300,0,0,0,0,0,0,0,20160721,20161210
001301,0,0,0,0,0,0,0,20160721,20161210
001302,0,0,0,0,0,0,0,20160721,20161210
001304,0,0,0,0,0,0,0,20160721,20161210
001305,0,0,0,0,0,0,0,20160721,20161210
001306,0,0,0,0,0,0,0,20160721,20161210
001307,0,0,0,0,0,0,0,20160721,20161210
001308,0,0,0,0,0,0,0,20160721,20161210
001309,0,0,0,0,0,0,0,20160721,20161210
001311,0,0,0,0,0,0,0,20160721,20161210
001312,0,0,0,0,0,0,0,20160721,20161210
001313,0,0,0,0,0,0,0,20160721,20161210
001314,0,0,0,0,0,0,0,20160721,20161210
001315,0,0,0,0,0,0,0,20160721,20161210
001316,0,0,0,0,0,0,0,20160721,20161210
001317,0,0,0,0,0,0,0,20160721,20161210
001318,0,0,0,0,0,0,0,20160721,20161210
001319,0,0,0,0,0,0,0,20160721,20161210
001320,0,0,0,0,0,0,0,20160721,20161210
001323,0,0,0,0,0,0,0,20160721,20161210
001324,0,0,0,0,0,0,0,20160721,20161210
001325,0,0,0,0,0,0,0,20160721,20161210
001326,0,0,0,0,0,0,0,20160721,20161210
001327,0,0,0,0,0,0,0,20160721,20161210
001328,0,0,0,0,0,0,0,20160721,20161210
001329,0,0,0,0,0,0,0,20160721,20161210
001337,0,0,0,0,0,0,0,20160721,20161210
001338,0,0,0,0,0,0,0,20160721,20161210
001339,0,0,0,0,0,0,0,20160721,20161210
001340,0,0,0,0,0,0,0,20160721,20161210
001341,0,0,0,0,0,0,0,20160721,20161210
001342,0,0,0,0,0,0,0,20160721,20161210
001343,0,0,0,0,0,0,0,20160721,20161210
001344,0,0,0,0,0,0,0,20160721,20161210
001346,0,0,0,0,0,0,0,20160721,20161210
001347,0,0,0,0,0,0,0,20160721,20161210
001348,0,0,0,0,0,0,0,20160721,20161210
001349,0,0,0,0,0,0,0,20160721,20161210
001350,0,0,0,0,0,0,0,20160721,20161210
001351,0,0,0,0,0,0,0,20160721,20161210
001352,0,0,0,0,0,0,0,20160721,20161210
001354,0,0,0,0,0,0,0,20160721,20161210
001355,0,0,0,0,0,0,0,20160721,20161210
001356,0,0,0,0,0,0,0,20160721,20161210
001357,0,0,0,0,0,0,0,20160721,20161210
001358,0,0,0,0,0,0,0,20160721,20161210
001359,0,0,0,0,0,0,0,20160721,20161210
001360,0,0,0,0,0,0,0,20160721,20161210
001361,0,0,0,0,0,0,0,20160721,20161210
001362,0,0,0,0,0,0,0,20160721,20161210
001364,0,0,0,0,0,0,0,20160721,20161210
001365,0,0,0,0,0,0,0,20160721,20161210
001366,0,0,0,0,0,0,0,20160721,20161210
001367,0,0,0,0,0,0,0,20160721,20161210
001368,0,0,0,0,0,0,0,20160721,20161210
001369,0,0,0,0,0,0,0,20160721,20161210
001370,0,0,0,0,0,0,0,20160721,20161210
001371,0,0,0,0,0,0,0,20160721,20161210
001372,0,0,0,0,0,0,0,20160721,20161210
001373,0,0,0,0,0,0,0,20160721,20161210
001374,0,0,0,0,0,0,0,20160721,20161210
001375,0,0,0,0,0,0,0,20160721,20161210
001376,0,0,0,0,0,0,0,20160721,20161210
001377,0,0,0,0,0,0,0,20160721,20161210
001378,0,0,0,0,0,0,0,20160721,20161210
001379,0,0,0,0,0,0,0,20160721,20161210
001380,0,0,0,0,0,0,0,20160721,20161210
001383,0,0,0,0,0,0,0,20160721,20161210
001384,0,0,0,0,0,0,0,20160721,20161210
001385,0,0,0,0,0,0,0,20160721,20161210
001386,0,0,0,0,0,0,0,20160721,20161210
001387,0,0,0,0,0,0,0,20160721,20161210
001388,0,0,0,0,0,0,0,20160721,20161210
001389,0,0,0,0,0,0,0,20160721,20161210
001390,0,0,0,0,0,0,0,20160721,20161210
001391,0,0,0,0,0,0,0,20160721,20161210
001392,0,0,0,0,0,0,0,20160721,20161210
001393,0,0,0,0,0,0,0,20160721,20161210
001394,0,0,0,0,0,0,0,20160721,20161210
001395,0,0,0,0,0,0,0,20160721,20161210
001396,0,0,0,0,0,0,0,20160721,20161210
001397,0,0,0,0,0,0,0,20160721,20161210
001398,0,0,0,0,0,0,0,20160721,20161210
001399,0,0,0,0,0,0,0,20160721,20161210
001400,0,0,0,0,0,0,0,20160721,20161210
001416,0,0,0,0,0,0,0,20160721,20161210
001417,0,0,0,0,0,0,0,20160721,20161210
001418,0,0,0,0,0,0,0,20160721,20161210
001421,0,0,0,0,0,0,0,20160721,20161210
001422,0,0,0,0,0,0,0,20160721,20161210
001423,0,0,0,0,0,0,0,20160721,20161210
001424,0,0,0,0,0,0,0,20160721,20161210
001429,0,0,0,0,0,0,0,20160721,20161210
001430,0,0,0,0,0,0,0,20160721,20161210
001431,0,0,0,0,0,0,0,20160721,20161210
001432,0,0,0,0,0,0,0,20160721,20161210
001433,0,0,0,0,0,0,0,20160721,20161210
001434,0,0,0,0,0,0,0,20160721,20161210
001437,0,0,0,0,0,0,0,20160721,20161210
001438,0,0,0,0,0,0,0,20160721,20161210
001439,0,0,0,0,0,0,0,20160721,20161210
001441,0,0,0,0,0,0,0,20160721,20161210
001442,0,0,0,0,0,0,0,20160721,20161210
001443,0,0,0,0,0,0,0,20160721,20161210
001444,0,0,0,0,0,0,0,20160721,20161210
001445,0,0,0,0,0,0,0,20160721,20161210
001446,0,0,0,0,0,0,0,20160721,20161210
001447,0,0,0,0,0,0,0,20160721,20161210
001450,0,0,0,0,0,0,0,20160721,20161210
001451,0,0,0,0,0,0,0,20160721,20161210
001452,0,0,0,0,0,0,0,20160721,20161210
001454,0,0,0,0,0,0,0,20160721,20161210
001455,0,0,0,0,0,0,0,20160721,20161210
001456,0,0,0,0,0,0,0,20160721,20161210
001457,0,0,0,0,0,0,0,20160721,20161210
001458,0,0,0,0,0,0,0,20160721,20161210
001460,0,0,0,0,0,0,0,20160721,20161210
001461,0,0,0,0,0,0,0,20160721,20161210
001462,0,0,0,0,0,0,0,20160721,20161210
001463,0,0,0,0,0,0,0,20160721,20161210
001464,0,0,0,0,0,0,0,20160721,20161210
001465,0,0,0,0,0,0,0,20160721,20161210
001466,0,0,0,0,0,0,0,20160721,20161210
001467,0,0,0,0,0,0,0,20160721,20161210
001468,0,0,0,0,0,0,0,20160721,20161210
001472,0,0,0,0,0,0,0,20160721,20161210
001473,0,0,0,0,0,0,0,20160721,20161210
001474,0,0,0,0,0,0,0,20160721,20161210
001475,0,0,0,0,0,0,0,20160721,20161210
001476,0,0,0,0,0,0,0,20160721,20161210
001478,0,0,0,0,0,0,0,20160721,20161210
001480,0,0,0,0,0,0,0,20160721,20161210
001481,0,0,0,0,0,0,0,20160721,20161210
001482,0,0,0,0,0,0,0,20160721,20161210
001483,0,0,0,0,0,0,0,20160721,20161210
001484,0,0,0,0,0,0,0,20160721,20161210
001485,0,0,0,0,0,0,0,20160721,20161210
001487,0,0,0,0,0,0,0,20160721,20161210
001488,0,0,0,0,0,0,0,20160721,20161210
001489,0,0,0,0,0,0,0,20160721,20161210
001490,0,0,0,0,0,0,0,20160721,20161210
001491,0,0,0,0,0,0,0,20160721,20161210
001492,0,0,0,0,0,0,0,20160721,20161210
001493,0,0,0,0,0,0,0,20160721,20161210
001494,0,0,0,0,0,0,0,20160721,20161210
001495,0,0,0,0,0,0,0,20160721,20161210
001496,0,0,0,0,0,0,0,20160721,20161210
001497,0,0,0,0,0,0,0,20160721,20161210
001498,0,0,0,0,0,0,0,20160721,20161210
001499,0,0,0,0,0,0,0,20160721,20161210
001500,0,0,0,0,0,0,0,20160721,20161210
001501,0,0,0,0,0,0,0,20160721,20161210
001503,0,0,0,0,0,0,0,20160721,20161210
001504,0,0,0,0,0,0,0,20160721,20161210
001505,0,0,0,0,0,0,0,20160721,20161210
001506,0,0,0,0,0,0,0,20160721,20161210
001507,0,0,0,0,0,0,0,20160721,20161210
001508,0,0,0,0,0,0,0,20160721,20161210
001509,0,0,0,0,0,0,0,20160721,20161210
001510,0,0,0,0,0,0,0,20160721,20161210
001511,0,0,0,0,0,0,0,20160721,20161210
001513,0,0,0,0,0,0,0,20160721,20161210
001514,0,0,0,0,0,0,0,20160721,20161210
001517,0,0,0,0,0,0,0,20160721,20161210
001518,0,0,0,0,0,0,0,20160721,20161210
001520,0,0,0,0,0,0,0,20160721,20161210
001521,0,0,0,0,0,0,0,20160721,20161210
001522,0,0,0,0,0,0,0,20160721,20161210
001524,0,0,0,0,0,0,0,20160721,20161210
001525,0,0,0,0,0,0,0,20160721,20161210
001528,0,0,0,0,0,0,0,20160721,20161210
001529,0,0,0,0,0,0,0,20160721,20161210
001535,0,0,0,0,0,0,0,20160721,20161210
001544,0,0,0,0,0,0,0,20160721,20161210
001545,0,0,0,0,0,0,0,20160721,20161210
001547,0,0,0,0,0,0,0,20160721,20161210
001548,0,0,0,0,0,0,0,20160721,20161210
001549,0,0,0,0,0,0,0,20160721,20161210
001550,0,0,0,0,0,0,0,20160721,20161210
001551,0,0,0,0,0,0,0,20160721,20161210
001552,0,0,0,0,0,0,0,20160721,20161210
001553,0,0,0,0,0,0,0,20160721,20161210
001554,0,0,0,0,0,0,0,20160721,20161210
001555,0,0,0,0,0,0,0,20160721,20161210
001556,0,0,0,0,0,0,0,20160721,20161210
001560,0,0,0,0,0,0,0,20160721,20161210
001561,0,0,0,0,0,0,0,20160721,20161210
001564,0,0,0,0,0,0,0,20160721,20161210
001565,0,0,0,0,0,0,0,20160721,20161210
001567,0,0,0,0,0,0,0,20160721,20161210
001569,0,0,0,0,0,0,0,20160721,20161210
001570,0,0,0,0,0,0,0,20160721,20161210
001571,0,0,0,0,0,0,0,20160721,20161210
001572,0,0,0,0,0,0,0,20160721,20161210
001576,0,0,0,0,0,0,0,20160721,20161210
001577,0,0,0,0,0,0,0,20160721,20161210
001578,0,0,0,0,0,0,0,20160721,20161210
001581,0,0,0,0,0,0,0,20160721,20161210
001588,0,0,0,0,0,0,0,20160721,20161210
001591,0,0,0,0,0,0,0,20160721,20161210
001592,0,0,0,0,0,0,0,20160721,20161210
001593,0,0,0,0,0,0,0,20160721,20161210
001594,0,0,0,0,0,0,0,20160721,20161210
001600,0,0,0,0,0,0,0,20160721,20161210
001601,0,0,0,0,0,0,0,20160721,20161210
001602,0,0,0,0,0,0,0,20160721,20161210
001603,0,0,0,0,0,0,0,20160721,20161210
001604,0,0,0,0,0,0,0,20160721,20161210
001605,0,0,0,0,0,0,0,20160721,20161210
001606,0,0,0,0,0,0,0,20160721,20161210
001607,0,0,0,0,0,0,0,20160721,20161210
001608,0,0,0,0,0,0,0,20160721,20161210
001609,0,0,0,0,0,0,0,20160721,20161210
001610,0,0,0,0,0,0,0,20160721,20161210
001611,0,0,0,0,0,0,0,20160721,20161210
001612,0,0,0,0,0,0,0,20160721,20161210
001613,0,0,0,0,0,0,0,20160721,20161210
001614,0,0,0,0,0,0,0,20160721,20161210
001615,0,0,0,0,0,0,0,20160721,20161210
001616,0,0,0,0,0,0,0,20160721,20161210
001617,0,0,0,0,0,0,0,20160721,20161210
001618,0,0,0,0,0,0,0,20160721,20161210
001621,0,0,0,0,0,0,0,20160721,20161210
001624,0,0,0,0,0,0,0,20160721,20161210
001626,0,0,0,0,0,0,0,20160721,20161210
001628,0,0,0,0,0,0,0,20160721,20161210
001630,0,0,0,0,0,0,0,20160721,20161210
001631,0,0,0,0,0,0,0,20160721,20161210
001633,0,0,0,0,0,0,0,20160721,20161210
001634,0,0,0,0,0,0,0,20160721,20161210
001635,0,0,0,0,0,0,0,20160721,20161210
001638,0,0,0,0,0,0,0,20160721,20161210
001639,0,0,0,0,0,0,0,20160721,20161210
001640,0,0,0,0,0,0,0,20160721,20161210
001641,0,0,0,0,0,0,0,20160721,20161210
001642,0,0,0,0,0,0,0,20160721,20161210
001645,0,0,0,0,0,0,0,20160721,20161210
001646,0,0,0,0,0,0,0,20160721,20161210
001647,0,0,0,0,0,0,0,20160721,20161210
001648,0,0,0,0,0,0,0,20160721,20161210
001649,0,0,0,0,0,0,0,20160721,20161210
001650,0,0,0,0,0,0,0,20160721,20161210
001653,0,0,0,0,0,0,0,20160721,20161210
001654,0,0,0,0,0,0,0,20160721,20161210
001657,0,0,0,0,0,0,0,20160721,20161210
001659,0,0,0,0,0,0,0,20160721,20161210
001661,0,0,0,0,0,0,0,20160721,20161210
001667,0,0,0,0,0,0,0,20160721,20161210
001668,0,0,0,0,0,0,0,20160721,20161210
001669,0,0,0,0,0,0,0,20160721,20161210
001670,0,0,0,0,0,0,0,20160721,20161210
001672,0,0,0,0,0,0,0,20160721,20161210
001673,0,0,0,0,0,0,0,20160721,20161210
001674,0,0,0,0,0,0,0,20160721,20161210
001675,0,0,0,0,0,0,0,20160721,20161210
001676,0,0,0,0,0,0,0,20160721,20161210
001679,0,0,0,0,0,0,0,20160721,20161210
001680,0,0,0,0,0,0,0,20160721,20161210
001681,0,0,0,0,0,0,0,20160721,20161210
001685,0,0,0,0,0,0,0,20160721,20161210
001688,0,0,0,0,0,0,0,20160721,20161210
001689,0,0,0,0,0,0,0,20160721,20161210
001694,0,0,0,0,0,0,0,20160721,20161210
001695,0,0,0,0,0,0,0,20160721,20161210
001696,0,0,0,0,0,0,0,20160721,20161210
001697,0,0,0,0,0,0,0,20160721,20161210
001698,0,0,0,0,0,0,0,20160721,20161210
001699,0,0,0,0,0,0,0,20160721,20161210
001700,0,0,0,0,0,0,0,20160721,20161210
001701,0,0,0,0,0,0,0,20160721,20161210
001702,0,0,0,0,0,0,0,20160721,20161210
001703,0,0,0,0,0,0,0,20160721,20161210
001704,0,0,0,0,0,0,0,20160721,20161210
001705,0,0,0,0,0,0,0,20160721,20161210
001706,0,0,0,0,0,0,0,20160721,20161210
001707,0,0,0,0,0,0,0,20160721,20161210
001708,0,0,0,0,0,0,0,20160721,20161210
001709,0,0,0,0,0,0,0,20160721,20161210
001710,0,0,0,0,0,0,0,20160721,20161210
001711,0,0,0,0,0,0,0,20160721,20161210
001718,0,0,0,0,0,0,0,20160721,20161210
001732,0,0,0,0,0,0,0,20160721,20161210
001752,0,0,0,0,0,0,0,20160721,20161210
001753,0,0,0,0,0,0,0,20160721,20161210
001754,0,0,0,0,0,0,0,20160721,20161210
001755,0,0,0,0,0,0,0,20160721,20161210
001758,0,0,0,0,0,0,0,20160721,20161210
001759,0,0,0,0,0,0,0,20160721,20161210
001769,0,0,0,0,0,0,0,20160721,20161210
001775,0,0,0,0,0,0,0,20160721,20161210
001778,0,0,0,0,0,0,0,20160721,20161210
001780,0,0,0,0,0,0,0,20160721,20161210
001782,0,0,0,0,0,0,0,20160721,20161210
001786,0,0,0,0,0,0,0,20160721,20161210
001787,0,0,0,0,0,0,0,20160721,20161210
001789,0,0,0,0,0,0,0,20160721,20161210
001791,0,0,0,0,0,0,0,20160721,20161210
001793,0,0,0,0,0,0,0,20160721,20161210
001794,0,0,0,0,0,0,0,20160721,20161210
001796,0,0,0,0,0,0,0,20160721,20161210
001797,0,0,0,0,0,0,0,20160721,20161210
001798,0,0,0,0,0,0,0,20160721,20161210
001811,0,0,0,0,0,0,0,20160721,20161210
001812,0,0,0,0,0,0,0,20160721,20161210
001821,0,0,0,0,0,0,0,20160721,20161210
001824,0,0,0,0,0,0,0,20160721,20161210
001825,0,0,0,0,0,0,0,20160721,20161210
001844,0,0,0,0,0,0,0,20160721,20161210
001845,0,0,0,0,0,0,0,20160721,20161210
001846,0,0,0,0,0,0,0,20160721,20161210
001860,0,0,0,0,0,0,0,20160721,20161210
001861,0,0,0,0,0,0,0,20160721,20161210
001883,0,0,0,0,0,0,0,20160721,20161210
001957,0,0,0,0,0,0,0,20160721,20161210
001984,0,0,0,0,0,0,0,20160721,20161210
001985,0,0,0,0,0,0,0,20160721,20161210
001986,0,0,0,0,0,0,0,20160721,20161210
001987,0,0,0,0,0,0,0,20160721,20161210
001988,0,0,0,0,0,0,0,20160721,20161210
001989,0,0,0,0,0,0,0,20160721,20161210
001990,0,0,0,0,0,0,0,20160721,20161210
001991,0,0,0,0,0,0,0,20160721,20161210
001992,0,0,0,0,0,0,0,20160721,20161210
001993,0,0,0,0,0,0,0,20160721,20161210
001994,0,0,0,0,0,0,0,20160721,20161210
001995,0,0,0,0,0,0,0,20160721,20161210
001996,0,0,0,0,0,0,0,20160721,20161210
001997,0,0,0,0,0,0,0,20160721,20161210
001998,0,0,0,0,0,0,0,20160721,20161210
001999,0,0,0,0,0,0,0,20160721,20161210
002000,0,0,0,0,0,0,0,20160721,20161210
002001,0,0,0,0,0,0,0,20160721,20161210
002002,0,0,0,0,0,0,0,20160721,20161210
002003,0,0,0,0,0,0,0,20160721,20161210
002004,0,0,0,0,0,0,0,20160721,20161210
002005,0,0,0,0,0,0,0,20160721,20161210
002006,0,0,0,0,0,0,0,20160721,20161210
002007,0,0,0,0,0,0,0,20160721,20161210
002008,0,0,0,0,0,0,0,20160721,20161210
002009,0,0,0,0,0,0,0,20160721,20161210
002010,0,0,0,0,0,0,0,20160721,20161210
002011,0,0,0,0,0,0,0,20160721,20161210
002012,0,0,0,0,0,0,0,20160721,20161210
002013,0,0,0,0,0,0,0,20160721,20161210
002014,0,0,0,0,0,0,0,20160721,20161210
002015,0,0,0,0,0,0,0,20160721,20161210
002016,0,0,0,0,0,0,0,20160721,20161210
002017,0,0,0,0,0,0,0,20160721,20161210
002018,0,0,0,0,0,0,0,20160721,20161210
002019,0,0,0,0,0,0,0,20160721,20161210
002020,0,0,0,0,0,0,0,20160721,20161210
002021,0,0,0,0,0,0,0,20160721,20161210
002022,0,0,0,0,0,0,0,20160721,20161210
002023,0,0,0,0,0,0,0,20160721,20161210
002024,0,0,0,0,0,0,0,20160721,20161210
002025,0,0,0,0,0,0,0,20160721,20161210
002026,0,0,0,0,0,0,0,20160721,20161210
002027,0,0,0,0,0,0,0,20160721,20161210
002028,0,0,0,0,0,0,0,20160721,20161210
002029,0,0,0,0,0,0,0,20160721,20161210
002030,0,0,0,0,0,0,0,20160721,20161210
002031,0,0,0,0,0,0,0,20160721,20161210
002032,0,0,0,0,0,0,0,20160721,20161210
002033,0,0,0,0,0,0,0,20160721,20161210
002034,0,0,0,0,0,0,0,20160721,20161210
002035,0,0,0,0,0,0,0,20160721,20161210
002036,0,0,0,0,0,0,0,20160721,20161210
002037,0,0,0,0,0,0,0,20160721,20161210
002038,0,0,0,0,0,0,0,20160721,20161210
002039,0,0,0,0,0,0,0,20160721,20161210
002040,0,0,0,0,0,0,0,20160721,20161210
002041,0,0,0,0,0,0,0,20160721,20161210
002042,0,0,0,0,0,0,0,20160721,20161210
002043,0,0,0,0,0,0,0,20160721,20161210
002044,0,0,0,0,0,0,0,20160721,20161210
002045,0,0,0,0,0,0,0,20160721,20161210
002046,0,0,0,0,0,0,0,20160721,20161210
002047,0,0,0,0,0,0,0,20160721,20161210
002048,0,0,0,0,0,0,0,20160721,20161210
002049,0,0,0,0,0,0,0,20160721,20161210
002050,0,0,0,0,0,0,0,20160721,20161210
002051,0,0,0,0,0,0,0,20160721,20161210
002052,0,0,0,0,0,0,0,20160721,20161210
002053,0,0,0,0,0,0,0,20160721,20161210
002054,0,0,0,0,0,0,0,20160721,20161210
002055,0,0,0,0,0,0,0,20160721,20161210
002056,0,0,0,0,0,0,0,20160721,20161210
002057,0,0,0,0,0,0,0,20160721,20161210
002058,0,0,0,0,0,0,0,20160721,20161210
002059,0,0,0,0,0,0,0,20160721,20161210
002060,0,0,0,0,0,0,0,20160721,20161210
002061,0,0,0,0,0,0,0,20160721,20161210
002062,0,0,0,0,0,0,0,20160721,20161210
002063,0,0,0,0,0,0,0,20160721,20161210
002064,0,0,0,0,0,0,0,20160721,20161210
002065,0,0,0,0,0,0,0,20160721,20161210
002066,0,0,0,0,0,0,0,20160721,20161210
002067,0,0,0,0,0,0,0,20160721,20161210
002068,0,0,0,0,0,0,0,20160721,20161210
002069,0,0,0,0,0,0,0,20160721,20161210
002070,0,0,0,0,0,0,0,20160721,20161210
002071,0,0,0,0,0,0,0,20160721,20161210
002072,0,0,0,0,0,0,0,20160721,20161210
002073,0,0,0,0,0,0,0,20160721,20161210
002074,0,0,0,0,0,0,0,20160721,20161210
002075,0,0,0,0,0,0,0,20160721,20161210
002076,0,0,0,0,0,0,0,20160721,20161210
002077,0,0,0,0,0,0,0,20160721,20161210
002078,0,0,0,0,0,0,0,20160721,20161210
002081,0,0,0,0,0,0,0,20160721,20161210
002084,0,0,0,0,0,0,0,20160721,20161210
002085,0,0,0,0,0,0,0,20160721,20161210
002086,0,0,0,0,0,0,0,20160721,20161210
002087,0,0,0,0,0,0,0,20160721,20161210
002088,0,0,0,0,0,0,0,20160721,20161210
002091,0,0,0,0,0,0,0,20160721,20161210
002093,0,0,0,0,0,0,0,20160721,20161210
002094,0,0,0,0,0,0,0,20160721,20161210
002096,0,0,0,0,0,0,0,20160721,20161210
002098,0,0,0,0,0,0,0,20160721,20161210
002099,0,0,0,0,0,0,0,20160721,20161210
002100,0,0,0,0,0,0,0,20160721,20161210
002102,0,0,0,0,0,0,0,20160721,20161210
002109,0,0,0,0,0,0,0,20160721,20161210
002110,0,0,0,0,0,0,0,20160721,20161210
002111,0,0,0,0,0,0,0,20160721,20161210
002112,0,0,0,0,0,0,0,20160721,20161210
002113,0,0,0,0,0,0,0,20160721,20161210
002114,0,0,0,0,0,0,0,20160721,20161210
002115,0,0,0,0,0,0,0,20160721,20161210
002116,0,0,0,0,0,0,0,20160721,20161210
002117,0,0,0,0,0,0,0,20160721,20161210
002119,0,0,0,0,0,0,0,20160721,20161210
002120,0,0,0,0,0,0,0,20160721,20161210
002121,0,0,0,0,0,0,0,20160721,20161210
002123,0,0,0,0,0,0,0,20160721,20161210
002126,0,0,0,0,0,0,0,20160721,20161210
002127,0,0,0,0,0,0,0,20160721,20161210
002128,0,0,0,0,0,0,0,20160721,20161210
002129,0,0,0,0,0,0,0,20160721,20161210
002130,0,0,0,0,0,0,0,20160721,20161210
002131,0,0,0,0,0,0,0,20160721,20161210
002132,0,0,0,0,0,0,0,20160721,20161210
002133,0,0,0,0,0,0,0,20160721,20161210
002134,0,0,0,0,0,0,0,20160721,20161210
002135,0,0,0,0,0,0,0,20160721,20161210
002136,0,0,0,0,0,0,0,20160721,20161210
002137,0,0,0,0,0,0,0,20160721,20161210
002138,0,0,0,0,0,0,0,20160721,20161210
002139,0,0,0,0,0,0,0,20160721,20161210
002140,0,0,0,0,0,0,0,20160721,20161210
002141,0,0,0,0,0,0,0,20160721,20161210
002142,0,0,0,0,0,0,0,20160721,20161210
002149,0,0,0,0,0,0,0,20160721,20161210
002150,0,0,0,0,0,0,0,20160721,20161210
002151,0,0,0,0,0,0,0,20160721,20161210
002152,0,0,0,0,0,0,0,20160721,20161210
002153,0,0,0,0,0,0,0,20160721,20161210
002154,0,0,0,0,0,0,0,20160721,20161210
002155,0,0,0,0,0,0,0,20160721,20161210
002156,0,0,0,0,0,0,0,20160721,20161210
002158,0,0,0,0,0,0,0,20160721,20161210
002159,0,0,0,0,0,0,0,20160721,20161210
002160,0,0,0,0,0,0,0,20160721,20161210
002161,0,0,0,0,0,0,0,20160721,20161210
002164,0,0,0,0,0,0,0,20160721,20161210
002166,0,0,0,0,0,0,0,20160721,20161210
002168,0,0,0,0,0,0,0,20160721,20161210
002170,0,0,0,0,0,0,0,20160721,20161210
002171,0,0,0,0,0,0,0,20160721,20161210
002172,0,0,0,0,0,0,0,20160721,20161210
002173,0,0,0,0,0,0,0,20160721,20161210
002174,0,0,0,0,0,0,0,20160721,20161210
002178,0,0,0,0,0,0,0,20160721,20161210
002184,0,0,0,0,0,0,0,20160721,20161210
002187,0,0,0,0,0,0,0,20160721,20161210
002189,0,0,0,0,0,0,0,20160721,20161210
002190,0,0,0,0,0,0,0,20160721,20161210
002191,0,0,0,0,0,0,0,20160721,20161210
002192,0,0,0,0,0,0,0,20160721,20161210
002193,0,0,0,0,0,0,0,20160721,20161210
002194,0,0,0,0,0,0,0,20160721,20161210
002195,0,0,0,0,0,0,0,20160721,20161210
002196,0,0,0,0,0,0,0,20160721,20161210
002197,0,0,0,0,0,0,0,20160721,20161210
002198,0,0,0,0,0,0,0,20160721,20161210
002199,0,0,0,0,0,0,0,20160721,20161210
002201,0,0,0,0,0,0,0,20160721,20161210
002203,0,0,0,0,0,0,0,20160721,20161210
002220,0,0,0,0,0,0,0,20160721,20161210
002221,0,0,0,0,0,0,0,20160721,20161210
002222,0,0,0,0,0,0,0,20160721,20161210
002223,0,0,0,0,0,0,0,20160721,20161210
002225,0,0,0,0,0,0,0,20160721,20161210
002228,0,0,0,0,0,0,0,20160721,20161210
002238,0,0,0,0,0,0,0,20160721,20161210
002239,0,0,0,0,0,0,0,20160721,20161210
002240,0,0,0,0,0,0,0,20160721,20161210
002244,0,0,0,0,0,0,0,20160721,20161210
002251,0,0,0,0,0,0,0,20160721,20161210
002258,0,0,0,0,0,0,0,20160721,20161210
002259,0,0,0,0,0,0,0,20160721,20161210
002261,0,0,0,0,0,0,0,20160721,20161210
002262,0,0,0,0,0,0,0,20160721,20161210
002263,0,0,0,0,0,0,0,20160721,20161210
002265,0,0,0,0,0,0,0,20160721,20161210
002268,0,0,0,0,0,0,0,20160721,20161210
002271,0,0,0,0,0,0,0,20160721,20161210
002275,0,0,0,0,0,0,0,20160721,20161210
002276,0,0,0,0,0,0,0,20160721,20161210
002281,0,0,0,0,0,0,0,20160721,20161210
002282,0,0,0,0,0,0,0,20160721,20161210
002284,0,0,0,0,0,0,0,20160721,20161210
002285,0,0,0,0,0,0,0,20160721,20161210
002286,0,0,0,0,0,0,0,20160721,20161210
002287,0,0,0,0,0,0,0,20160721,20161210
002288,0,0,0,0,0,0,0,20160721,20161210
002289,0,0,0,0,0,0,0,20160721,20161210
002297,0,0,0,0,0,0,0,20160721,20161210
002298,0,0,0,0,0,0,0,20160721,20161210
002299,0,0,0,0,0,0,0,20160721,20161210
002300,0,0,0,0,0,0,0,20160721,20161210
002302,0,0,0,0,0,0,0,20160721,20161210
002304,0,0,0,0,0,0,0,20160721,20161210
002305,0,0,0,0,0,0,0,20160721,20161210
002307,0,0,0,0,0,0,0,20160721,20161210
002308,0,0,0,0,0,0,0,20160721,20161210
002310,0,0,0,0,0,0,0,20160721,20161210
002311,0,0,0,0,0,0,0,20160721,20161210
002312,0,0,0,0,0,0,0,20160721,20161210
002313,0,0,0,0,0,0,0,20160721,20161210
002314,0,0,0,0,0,0,0,20160721,20161210
002317,0,0,0,0,0,0,0,20160721,20161210
002318,0,0,0,0,0,0,0,20160721,20161210
002320,0,0,0,0,0,0,0,20160721,20161210
002321,0,0,0,0,0,0,0,20160721,20161210
002322,0,0,0,0,0,0,0,20160721,20161210
002326,0,0,0,0,0,0,0,20160721,20161210
002328,0,0,0,0,0,0,0,20160721,20161210
002329,0,0,0,0,0,0,0,20160721,20161210
002330,0,0,0,0,0,0,0,20160721,20161210
002331,0,0,0,0,0,0,0,20160721,20161210
002336,0,0,0,0,0,0,0,20160721,20161210
002337,0,0,0,0,0,0,0,20160721,20161210
002339,0,0,0,0,0,0,0,20160721,20161210
002340,0,0,0,0,0,0,0,20160721,20161210
002343,0,0,0,0,0,0,0,20160721,20161210
002344,0,0,0,0,0,0,0,20160721,20161210
002346,0,0,0,0,0,0,0,20160721,20161210
002347,0,0,0,0,0,0,0,20160721,20161210
002348,0,0,0,0,0,0,0,20160721,20161210
002350,0,0,0,0,0,0,0,20160721,20161210
002353,0,0,0,0,0,0,0,20160721,20161210
002355,0,0,0,0,0,0,0,20160721,20161210
002357,0,0,0,0,0,0,0,20160721,20161210
002363,0,0,0,0,0,0,0,20160721,20161210
002368,0,0,0,0,0,0,0,20160721,20161210
002369,0,0,0,0,0,0,0,20160721,20161210
002371,0,0,0,0,0,0,0,20160721,20161210
002381,0,0,0,0,0,0,0,20160721,20161210
002394,0,0,0,0,0,0,0,20160721,20161210
002395,0,0,0,0,0,0,0,20160721,20161210
002409,0,0,0,0,0,0,0,20160721,20161210
002412,0,0,0,0,0,0,0,20160721,20161210
002415,0,0,0,0,0,0,0,20160721,20161210
002439,0,0,0,0,0,0,0,20160721,20161210
002444,0,0,0,0,0,0,0,20160721,20161210
002445,0,0,0,0,0,0,0,20160721,20161210
002448,0,0,0,0,0,0,0,20160721,20161210
002450,0,0,0,0,0,0,0,20160721,20161210
002453,0,0,0,0,0,0,0,20160721,20161210
002454,0,0,0,0,0,0,0,20160721,20161210
002455,0,0,0,0,0,0,0,20160721,20161210
002456,0,0,0,0,0,0,0,20160721,20161210
002457,0,0,0,0,0,0,0,20160721,20161210
002458,0,0,0,0,0,0,0,20160721,20161210
002459,0,0,0,0,0,0,0,20160721,20161210
002460,0,0,0,0,0,0,0,20160721,20161210
002461,0,0,0,0,0,0,0,20160721,20161210
002462,0,0,0,0,0,0,0,20160721,20161210
002463,0,0,0,0,0,0,0,20160721,20161210
002464,0,0,0,0,0,0,0,20160721,20161210
002465,0,0,0,0,0,0,0,20160721,20161210
002466,0,0,0,0,0,0,0,20160721,20161210
002467,0,0,0,0,0,0,0,20160721,20161210
002468,0,0,0,0,0,0,0,20160721,20161210
002469,0,0,0,0,0,0,0,20160721,20161210
002470,0,0,0,0,0,0,0,20160721,20161210
002471,0,0,0,0,0,0,0,20160721,20161210
002472,0,0,0,0,0,0,0,20160721,20161210
002473,0,0,0,0,0,0,0,20160721,20161210
002474,0,0,0,0,0,0,0,20160721,20161210
002475,0,0,0,0,0,0,0,20160721,20161210
002476,0,0,0,0,0,0,0,20160721,20161210
002477,0,0,0,0,0,0,0,20160721,20161210
002478,0,0,0,0,0,0,0,20160721,20161210
002479,0,0,0,0,0,0,0,20160721,20161210
002480,0,0,0,0,0,0,0,20160721,20161210
002481,0,0,0,0,0,0,0,20160721,20161210
002482,0,0,0,0,0,0,0,20160721,20161210
002483,0,0,0,0,0,0,0,20160721,20161210
002484,0,0,0,0,0,0,0,20160721,20161210
002486,0,0,0,0,0,0,0,20160721,20161210
002487,0,0,0,0,0,0,0,20160721,20161210
002488,0,0,0,0,0,0,0,20160721,20161210
002505,0,0,0,0,0,0,0,20160721,20161210
002506,0,0,0,0,0,0,0,20160721,20161210
002507,0,0,0,0,0,0,0,20160721,20161210
002539,0,0,0,0,0,0,0,20160721,20161210
002564,0,0,0,0,0,0,0,20160721,20161210
002565,0,0,0,0,0,0,0,20160721,20161210
002566,0,0,0,0,0,0,0,20160721,20161210
002568,0,0,0,0,0,0,0,20160721,20161210
002579,0,0,0,0,0,0,0,20160721,20161210
